num_planets: 3
radius: 5.0E8
bodies:
  -
    x_pos: 5.0E8
    y_pos: 0.0
    x_vel: 0.0
    y_vel: -248.22332833139765
    mass: 7.999999999999999E23
  -
    x_pos: -2.4999999999999988E8
    y_pos: 4.3301270189221936E8
    x_vel: 214.96770814691595
    y_vel: 124.11166416569877
    mass: 7.999999999999999E23
  -
    x_pos: -2.500000000000002E8
    y_pos: -4.3301270189221925E8
    x_vel: -214.9677081469159
    y_vel: 124.11166416569894
    mass: 7.999999999999999E23
